{
 "cells": [
  {
   "cell_type": "code",
   "execution_count": 2,
   "id": "00a13516",
   "metadata": {},
   "outputs": [],
   "source": [
    "import yfinance as yf\n",
    "import seaborn as sn\n",
    "import pandas as pd\n",
    "import numpy as np\n",
    "import os\n",
    "import glob\n",
    "import matplotlib.pyplot as plt"
   ]
  },
  {
   "cell_type": "markdown",
   "id": "507fe79f",
   "metadata": {},
   "source": []
  },
  {
   "cell_type": "markdown",
   "id": "083b5f47",
   "metadata": {},
   "source": [
    "## Getting Data"
   ]
  },
  {
   "cell_type": "code",
   "execution_count": 3,
   "id": "8a637539",
   "metadata": {},
   "outputs": [
    {
     "name": "stdout",
     "output_type": "stream",
     "text": [
      "data/yahoo\\AAPL_15m.csv 1040\n",
      "data/yahoo\\AAPL_5m.csv 3355\n",
      "data/yahoo\\ABNB_15m.csv 1093\n",
      "data/yahoo\\ABNB_5m.csv 3121\n",
      "data/yahoo\\ADBE_15m.csv 1093\n",
      "data/yahoo\\ADBE_5m.csv 3355\n",
      "data/yahoo\\AMZN_15m.csv 1093\n",
      "data/yahoo\\AMZN_5m.csv 3355\n",
      "data/yahoo\\CSCO_15m.csv 1093\n",
      "data/yahoo\\CSCO_5m.csv 3355\n",
      "data/yahoo\\GOOGL_15m.csv 1093\n",
      "data/yahoo\\GOOGL_5m.csv 3355\n",
      "data/yahoo\\GOOG_15m.csv 1040\n",
      "data/yahoo\\GOOG_5m.csv 3355\n",
      "data/yahoo\\IBM_15m.csv 1093\n",
      "data/yahoo\\IBM_5m.csv 3355\n",
      "data/yahoo\\INTC_15m.csv 1093\n",
      "data/yahoo\\INTC_5m.csv 3355\n",
      "data/yahoo\\META_15m.csv 1093\n",
      "data/yahoo\\META_5m.csv 3355\n",
      "data/yahoo\\MSFT_15m.csv 1093\n",
      "data/yahoo\\MSFT_5m.csv 3355\n",
      "data/yahoo\\NFLX_15m.csv 1089\n",
      "data/yahoo\\NFLX_5m.csv 3251\n",
      "data/yahoo\\NVDA_15m.csv 1093\n",
      "data/yahoo\\NVDA_5m.csv 3355\n",
      "data/yahoo\\ORCL_15m.csv 1093\n",
      "data/yahoo\\ORCL_5m.csv 3355\n",
      "data/yahoo\\PYPL_15m.csv 1093\n",
      "data/yahoo\\PYPL_5m.csv 3355\n",
      "data/yahoo\\QCOM_15m.csv 1040\n",
      "data/yahoo\\QCOM_5m.csv 3355\n",
      "data/yahoo\\SONY_15m.csv 1093\n",
      "data/yahoo\\SONY_5m.csv 3355\n",
      "data/yahoo\\SQ_15m.csv 1093\n",
      "data/yahoo\\SQ_5m.csv 3355\n",
      "data/yahoo\\TSLA_15m.csv 1040\n",
      "data/yahoo\\TSLA_5m.csv 3355\n"
     ]
    }
   ],
   "source": [
    "tickers = ['AAPL', 'MSFT', 'AMZN', 'TSLA', 'GOOGL', 'GOOG', 'META', 'NVDA', 'CSCO', 'ADBE', 'QCOM', 'ORCL', 'IBM', 'INTC', 'NFLX', 'PYPL', 'SONY', 'ABNB', 'SQ']\n",
    "\n",
    "def get_price_history(ticker, save=True, START_DATE = '2022-9-12', END_DATE = '2022-11-10', RAW_INTERVAL = \"5m\"):\n",
    "\n",
    "    tickerData = yf.Ticker(ticker)\n",
    "    df = tickerData.history(interval=RAW_INTERVAL,  start=START_DATE, end=END_DATE)\n",
    "    \n",
    "    if save:\n",
    "        df.to_csv(\"data/yahoo/{}_5m.csv\".format(ticker), index=False)\n",
    "\n",
    "for ticker in tickers:\n",
    "    get_price_history(ticker)\n",
    "        \n",
    "data = []\n",
    "\n",
    "for csv_file in glob.glob(\"data/yahoo/*_5m.csv\"):\n",
    "    df = pd.read_csv(csv_file)\n",
    "    data.append(df)\n",
    "    print(csv_file, df.shape[0])"
   ]
  },
  {
   "cell_type": "markdown",
   "id": "3f5eb83a",
   "metadata": {},
   "source": [
    "## Correlation Matrix"
   ]
  },
  {
   "cell_type": "code",
   "execution_count": 7,
   "id": "e4c3a5ab",
   "metadata": {},
   "outputs": [
    {
     "data": {
      "text/html": [
       "<div>\n",
       "<style scoped>\n",
       "    .dataframe tbody tr th:only-of-type {\n",
       "        vertical-align: middle;\n",
       "    }\n",
       "\n",
       "    .dataframe tbody tr th {\n",
       "        vertical-align: top;\n",
       "    }\n",
       "\n",
       "    .dataframe thead th {\n",
       "        text-align: right;\n",
       "    }\n",
       "</style>\n",
       "<table border=\"1\" class=\"dataframe\">\n",
       "  <thead>\n",
       "    <tr style=\"text-align: right;\">\n",
       "      <th></th>\n",
       "      <th>AAPL</th>\n",
       "      <th>MSFT</th>\n",
       "      <th>AMZN</th>\n",
       "      <th>TSLA</th>\n",
       "      <th>GOOGL</th>\n",
       "      <th>GOOG</th>\n",
       "      <th>META</th>\n",
       "      <th>NVDA</th>\n",
       "      <th>CSCO</th>\n",
       "      <th>ADBE</th>\n",
       "      <th>QCOM</th>\n",
       "      <th>ORCL</th>\n",
       "      <th>IBM</th>\n",
       "      <th>INTC</th>\n",
       "      <th>NFLX</th>\n",
       "      <th>PYPL</th>\n",
       "      <th>SONY</th>\n",
       "      <th>ABNB</th>\n",
       "      <th>SQ</th>\n",
       "    </tr>\n",
       "  </thead>\n",
       "  <tbody>\n",
       "    <tr>\n",
       "      <th>AAPL</th>\n",
       "      <td>1.000000</td>\n",
       "      <td>0.425056</td>\n",
       "      <td>0.875625</td>\n",
       "      <td>0.900138</td>\n",
       "      <td>0.849723</td>\n",
       "      <td>0.926760</td>\n",
       "      <td>0.926077</td>\n",
       "      <td>0.938844</td>\n",
       "      <td>0.899624</td>\n",
       "      <td>0.871681</td>\n",
       "      <td>0.949954</td>\n",
       "      <td>0.368519</td>\n",
       "      <td>0.907056</td>\n",
       "      <td>0.838706</td>\n",
       "      <td>0.698793</td>\n",
       "      <td>0.926152</td>\n",
       "      <td>0.908874</td>\n",
       "      <td>0.796903</td>\n",
       "      <td>0.384904</td>\n",
       "    </tr>\n",
       "    <tr>\n",
       "      <th>MSFT</th>\n",
       "      <td>0.425056</td>\n",
       "      <td>1.000000</td>\n",
       "      <td>0.478937</td>\n",
       "      <td>0.609726</td>\n",
       "      <td>0.487337</td>\n",
       "      <td>0.471648</td>\n",
       "      <td>0.480432</td>\n",
       "      <td>0.427393</td>\n",
       "      <td>0.371335</td>\n",
       "      <td>0.578516</td>\n",
       "      <td>0.439456</td>\n",
       "      <td>0.473595</td>\n",
       "      <td>0.328528</td>\n",
       "      <td>0.563617</td>\n",
       "      <td>0.841101</td>\n",
       "      <td>0.390617</td>\n",
       "      <td>0.337577</td>\n",
       "      <td>0.578561</td>\n",
       "      <td>0.609861</td>\n",
       "    </tr>\n",
       "    <tr>\n",
       "      <th>AMZN</th>\n",
       "      <td>0.875625</td>\n",
       "      <td>0.478937</td>\n",
       "      <td>1.000000</td>\n",
       "      <td>0.954383</td>\n",
       "      <td>0.859952</td>\n",
       "      <td>0.968478</td>\n",
       "      <td>0.970272</td>\n",
       "      <td>0.869822</td>\n",
       "      <td>0.930622</td>\n",
       "      <td>0.948434</td>\n",
       "      <td>0.963636</td>\n",
       "      <td>0.113684</td>\n",
       "      <td>0.881722</td>\n",
       "      <td>0.959050</td>\n",
       "      <td>0.708107</td>\n",
       "      <td>0.907974</td>\n",
       "      <td>0.923240</td>\n",
       "      <td>0.899481</td>\n",
       "      <td>0.233151</td>\n",
       "    </tr>\n",
       "    <tr>\n",
       "      <th>TSLA</th>\n",
       "      <td>0.900138</td>\n",
       "      <td>0.609726</td>\n",
       "      <td>0.954383</td>\n",
       "      <td>1.000000</td>\n",
       "      <td>0.829972</td>\n",
       "      <td>0.975835</td>\n",
       "      <td>0.977076</td>\n",
       "      <td>0.871778</td>\n",
       "      <td>0.939684</td>\n",
       "      <td>0.944968</td>\n",
       "      <td>0.965883</td>\n",
       "      <td>0.303614</td>\n",
       "      <td>0.915091</td>\n",
       "      <td>0.929440</td>\n",
       "      <td>0.797976</td>\n",
       "      <td>0.943869</td>\n",
       "      <td>0.920844</td>\n",
       "      <td>0.957302</td>\n",
       "      <td>0.446160</td>\n",
       "    </tr>\n",
       "    <tr>\n",
       "      <th>GOOGL</th>\n",
       "      <td>0.849723</td>\n",
       "      <td>0.487337</td>\n",
       "      <td>0.859952</td>\n",
       "      <td>0.829972</td>\n",
       "      <td>1.000000</td>\n",
       "      <td>0.836154</td>\n",
       "      <td>0.842279</td>\n",
       "      <td>0.925805</td>\n",
       "      <td>0.810305</td>\n",
       "      <td>0.834836</td>\n",
       "      <td>0.844340</td>\n",
       "      <td>0.138656</td>\n",
       "      <td>0.746752</td>\n",
       "      <td>0.906715</td>\n",
       "      <td>0.672315</td>\n",
       "      <td>0.780499</td>\n",
       "      <td>0.836692</td>\n",
       "      <td>0.670966</td>\n",
       "      <td>0.260821</td>\n",
       "    </tr>\n",
       "    <tr>\n",
       "      <th>GOOG</th>\n",
       "      <td>0.926760</td>\n",
       "      <td>0.471648</td>\n",
       "      <td>0.968478</td>\n",
       "      <td>0.975835</td>\n",
       "      <td>0.836154</td>\n",
       "      <td>1.000000</td>\n",
       "      <td>0.999766</td>\n",
       "      <td>0.895103</td>\n",
       "      <td>0.969463</td>\n",
       "      <td>0.953174</td>\n",
       "      <td>0.992842</td>\n",
       "      <td>0.277114</td>\n",
       "      <td>0.946279</td>\n",
       "      <td>0.919758</td>\n",
       "      <td>0.724755</td>\n",
       "      <td>0.965416</td>\n",
       "      <td>0.959330</td>\n",
       "      <td>0.930733</td>\n",
       "      <td>0.329611</td>\n",
       "    </tr>\n",
       "    <tr>\n",
       "      <th>META</th>\n",
       "      <td>0.926077</td>\n",
       "      <td>0.480432</td>\n",
       "      <td>0.970272</td>\n",
       "      <td>0.977076</td>\n",
       "      <td>0.842279</td>\n",
       "      <td>0.999766</td>\n",
       "      <td>1.000000</td>\n",
       "      <td>0.895620</td>\n",
       "      <td>0.967480</td>\n",
       "      <td>0.956732</td>\n",
       "      <td>0.992342</td>\n",
       "      <td>0.275410</td>\n",
       "      <td>0.942588</td>\n",
       "      <td>0.923978</td>\n",
       "      <td>0.732231</td>\n",
       "      <td>0.962689</td>\n",
       "      <td>0.958686</td>\n",
       "      <td>0.930598</td>\n",
       "      <td>0.326487</td>\n",
       "    </tr>\n",
       "    <tr>\n",
       "      <th>NVDA</th>\n",
       "      <td>0.938844</td>\n",
       "      <td>0.427393</td>\n",
       "      <td>0.869822</td>\n",
       "      <td>0.871778</td>\n",
       "      <td>0.925805</td>\n",
       "      <td>0.895103</td>\n",
       "      <td>0.895620</td>\n",
       "      <td>1.000000</td>\n",
       "      <td>0.889508</td>\n",
       "      <td>0.832098</td>\n",
       "      <td>0.912755</td>\n",
       "      <td>0.263213</td>\n",
       "      <td>0.866818</td>\n",
       "      <td>0.878631</td>\n",
       "      <td>0.669533</td>\n",
       "      <td>0.889535</td>\n",
       "      <td>0.907071</td>\n",
       "      <td>0.741069</td>\n",
       "      <td>0.393659</td>\n",
       "    </tr>\n",
       "    <tr>\n",
       "      <th>CSCO</th>\n",
       "      <td>0.899624</td>\n",
       "      <td>0.371335</td>\n",
       "      <td>0.930622</td>\n",
       "      <td>0.939684</td>\n",
       "      <td>0.810305</td>\n",
       "      <td>0.969463</td>\n",
       "      <td>0.967480</td>\n",
       "      <td>0.889508</td>\n",
       "      <td>1.000000</td>\n",
       "      <td>0.884618</td>\n",
       "      <td>0.967784</td>\n",
       "      <td>0.190554</td>\n",
       "      <td>0.973544</td>\n",
       "      <td>0.895114</td>\n",
       "      <td>0.600024</td>\n",
       "      <td>0.983011</td>\n",
       "      <td>0.985153</td>\n",
       "      <td>0.894909</td>\n",
       "      <td>0.339651</td>\n",
       "    </tr>\n",
       "    <tr>\n",
       "      <th>ADBE</th>\n",
       "      <td>0.871681</td>\n",
       "      <td>0.578516</td>\n",
       "      <td>0.948434</td>\n",
       "      <td>0.944968</td>\n",
       "      <td>0.834836</td>\n",
       "      <td>0.953174</td>\n",
       "      <td>0.956732</td>\n",
       "      <td>0.832098</td>\n",
       "      <td>0.884618</td>\n",
       "      <td>1.000000</td>\n",
       "      <td>0.937186</td>\n",
       "      <td>0.314328</td>\n",
       "      <td>0.826377</td>\n",
       "      <td>0.930239</td>\n",
       "      <td>0.803937</td>\n",
       "      <td>0.866288</td>\n",
       "      <td>0.876610</td>\n",
       "      <td>0.895347</td>\n",
       "      <td>0.249744</td>\n",
       "    </tr>\n",
       "    <tr>\n",
       "      <th>QCOM</th>\n",
       "      <td>0.949954</td>\n",
       "      <td>0.439456</td>\n",
       "      <td>0.963636</td>\n",
       "      <td>0.965883</td>\n",
       "      <td>0.844340</td>\n",
       "      <td>0.992842</td>\n",
       "      <td>0.992342</td>\n",
       "      <td>0.912755</td>\n",
       "      <td>0.967784</td>\n",
       "      <td>0.937186</td>\n",
       "      <td>1.000000</td>\n",
       "      <td>0.274240</td>\n",
       "      <td>0.954775</td>\n",
       "      <td>0.908337</td>\n",
       "      <td>0.704850</td>\n",
       "      <td>0.970171</td>\n",
       "      <td>0.962014</td>\n",
       "      <td>0.909436</td>\n",
       "      <td>0.322981</td>\n",
       "    </tr>\n",
       "    <tr>\n",
       "      <th>ORCL</th>\n",
       "      <td>0.368519</td>\n",
       "      <td>0.473595</td>\n",
       "      <td>0.113684</td>\n",
       "      <td>0.303614</td>\n",
       "      <td>0.138656</td>\n",
       "      <td>0.277114</td>\n",
       "      <td>0.275410</td>\n",
       "      <td>0.263213</td>\n",
       "      <td>0.190554</td>\n",
       "      <td>0.314328</td>\n",
       "      <td>0.274240</td>\n",
       "      <td>1.000000</td>\n",
       "      <td>0.247057</td>\n",
       "      <td>0.090993</td>\n",
       "      <td>0.511109</td>\n",
       "      <td>0.271794</td>\n",
       "      <td>0.156571</td>\n",
       "      <td>0.297395</td>\n",
       "      <td>0.519857</td>\n",
       "    </tr>\n",
       "    <tr>\n",
       "      <th>IBM</th>\n",
       "      <td>0.907056</td>\n",
       "      <td>0.328528</td>\n",
       "      <td>0.881722</td>\n",
       "      <td>0.915091</td>\n",
       "      <td>0.746752</td>\n",
       "      <td>0.946279</td>\n",
       "      <td>0.942588</td>\n",
       "      <td>0.866818</td>\n",
       "      <td>0.973544</td>\n",
       "      <td>0.826377</td>\n",
       "      <td>0.954775</td>\n",
       "      <td>0.247057</td>\n",
       "      <td>1.000000</td>\n",
       "      <td>0.811653</td>\n",
       "      <td>0.580631</td>\n",
       "      <td>0.990591</td>\n",
       "      <td>0.963144</td>\n",
       "      <td>0.886512</td>\n",
       "      <td>0.400580</td>\n",
       "    </tr>\n",
       "    <tr>\n",
       "      <th>INTC</th>\n",
       "      <td>0.838706</td>\n",
       "      <td>0.563617</td>\n",
       "      <td>0.959050</td>\n",
       "      <td>0.929440</td>\n",
       "      <td>0.906715</td>\n",
       "      <td>0.919758</td>\n",
       "      <td>0.923978</td>\n",
       "      <td>0.878631</td>\n",
       "      <td>0.895114</td>\n",
       "      <td>0.930239</td>\n",
       "      <td>0.908337</td>\n",
       "      <td>0.090993</td>\n",
       "      <td>0.811653</td>\n",
       "      <td>1.000000</td>\n",
       "      <td>0.732146</td>\n",
       "      <td>0.850670</td>\n",
       "      <td>0.891808</td>\n",
       "      <td>0.844275</td>\n",
       "      <td>0.276493</td>\n",
       "    </tr>\n",
       "    <tr>\n",
       "      <th>NFLX</th>\n",
       "      <td>0.698793</td>\n",
       "      <td>0.841101</td>\n",
       "      <td>0.708107</td>\n",
       "      <td>0.797976</td>\n",
       "      <td>0.672315</td>\n",
       "      <td>0.724755</td>\n",
       "      <td>0.732231</td>\n",
       "      <td>0.669533</td>\n",
       "      <td>0.600024</td>\n",
       "      <td>0.803937</td>\n",
       "      <td>0.704850</td>\n",
       "      <td>0.511109</td>\n",
       "      <td>0.580631</td>\n",
       "      <td>0.732146</td>\n",
       "      <td>1.000000</td>\n",
       "      <td>0.636354</td>\n",
       "      <td>0.595924</td>\n",
       "      <td>0.762911</td>\n",
       "      <td>0.517750</td>\n",
       "    </tr>\n",
       "    <tr>\n",
       "      <th>PYPL</th>\n",
       "      <td>0.926152</td>\n",
       "      <td>0.390617</td>\n",
       "      <td>0.907974</td>\n",
       "      <td>0.943869</td>\n",
       "      <td>0.780499</td>\n",
       "      <td>0.965416</td>\n",
       "      <td>0.962689</td>\n",
       "      <td>0.889535</td>\n",
       "      <td>0.983011</td>\n",
       "      <td>0.866288</td>\n",
       "      <td>0.970171</td>\n",
       "      <td>0.271794</td>\n",
       "      <td>0.990591</td>\n",
       "      <td>0.850670</td>\n",
       "      <td>0.636354</td>\n",
       "      <td>1.000000</td>\n",
       "      <td>0.969027</td>\n",
       "      <td>0.908173</td>\n",
       "      <td>0.410427</td>\n",
       "    </tr>\n",
       "    <tr>\n",
       "      <th>SONY</th>\n",
       "      <td>0.908874</td>\n",
       "      <td>0.337577</td>\n",
       "      <td>0.923240</td>\n",
       "      <td>0.920844</td>\n",
       "      <td>0.836692</td>\n",
       "      <td>0.959330</td>\n",
       "      <td>0.958686</td>\n",
       "      <td>0.907071</td>\n",
       "      <td>0.985153</td>\n",
       "      <td>0.876610</td>\n",
       "      <td>0.962014</td>\n",
       "      <td>0.156571</td>\n",
       "      <td>0.963144</td>\n",
       "      <td>0.891808</td>\n",
       "      <td>0.595924</td>\n",
       "      <td>0.969027</td>\n",
       "      <td>1.000000</td>\n",
       "      <td>0.867964</td>\n",
       "      <td>0.282072</td>\n",
       "    </tr>\n",
       "    <tr>\n",
       "      <th>ABNB</th>\n",
       "      <td>0.796903</td>\n",
       "      <td>0.578561</td>\n",
       "      <td>0.899481</td>\n",
       "      <td>0.957302</td>\n",
       "      <td>0.670966</td>\n",
       "      <td>0.930733</td>\n",
       "      <td>0.930598</td>\n",
       "      <td>0.741069</td>\n",
       "      <td>0.894909</td>\n",
       "      <td>0.895347</td>\n",
       "      <td>0.909436</td>\n",
       "      <td>0.297395</td>\n",
       "      <td>0.886512</td>\n",
       "      <td>0.844275</td>\n",
       "      <td>0.762911</td>\n",
       "      <td>0.908173</td>\n",
       "      <td>0.867964</td>\n",
       "      <td>1.000000</td>\n",
       "      <td>0.431821</td>\n",
       "    </tr>\n",
       "    <tr>\n",
       "      <th>SQ</th>\n",
       "      <td>0.384904</td>\n",
       "      <td>0.609861</td>\n",
       "      <td>0.233151</td>\n",
       "      <td>0.446160</td>\n",
       "      <td>0.260821</td>\n",
       "      <td>0.329611</td>\n",
       "      <td>0.326487</td>\n",
       "      <td>0.393659</td>\n",
       "      <td>0.339651</td>\n",
       "      <td>0.249744</td>\n",
       "      <td>0.322981</td>\n",
       "      <td>0.519857</td>\n",
       "      <td>0.400580</td>\n",
       "      <td>0.276493</td>\n",
       "      <td>0.517750</td>\n",
       "      <td>0.410427</td>\n",
       "      <td>0.282072</td>\n",
       "      <td>0.431821</td>\n",
       "      <td>1.000000</td>\n",
       "    </tr>\n",
       "  </tbody>\n",
       "</table>\n",
       "</div>"
      ],
      "text/plain": [
       "           AAPL      MSFT      AMZN      TSLA     GOOGL      GOOG      META  \\\n",
       "AAPL   1.000000  0.425056  0.875625  0.900138  0.849723  0.926760  0.926077   \n",
       "MSFT   0.425056  1.000000  0.478937  0.609726  0.487337  0.471648  0.480432   \n",
       "AMZN   0.875625  0.478937  1.000000  0.954383  0.859952  0.968478  0.970272   \n",
       "TSLA   0.900138  0.609726  0.954383  1.000000  0.829972  0.975835  0.977076   \n",
       "GOOGL  0.849723  0.487337  0.859952  0.829972  1.000000  0.836154  0.842279   \n",
       "GOOG   0.926760  0.471648  0.968478  0.975835  0.836154  1.000000  0.999766   \n",
       "META   0.926077  0.480432  0.970272  0.977076  0.842279  0.999766  1.000000   \n",
       "NVDA   0.938844  0.427393  0.869822  0.871778  0.925805  0.895103  0.895620   \n",
       "CSCO   0.899624  0.371335  0.930622  0.939684  0.810305  0.969463  0.967480   \n",
       "ADBE   0.871681  0.578516  0.948434  0.944968  0.834836  0.953174  0.956732   \n",
       "QCOM   0.949954  0.439456  0.963636  0.965883  0.844340  0.992842  0.992342   \n",
       "ORCL   0.368519  0.473595  0.113684  0.303614  0.138656  0.277114  0.275410   \n",
       "IBM    0.907056  0.328528  0.881722  0.915091  0.746752  0.946279  0.942588   \n",
       "INTC   0.838706  0.563617  0.959050  0.929440  0.906715  0.919758  0.923978   \n",
       "NFLX   0.698793  0.841101  0.708107  0.797976  0.672315  0.724755  0.732231   \n",
       "PYPL   0.926152  0.390617  0.907974  0.943869  0.780499  0.965416  0.962689   \n",
       "SONY   0.908874  0.337577  0.923240  0.920844  0.836692  0.959330  0.958686   \n",
       "ABNB   0.796903  0.578561  0.899481  0.957302  0.670966  0.930733  0.930598   \n",
       "SQ     0.384904  0.609861  0.233151  0.446160  0.260821  0.329611  0.326487   \n",
       "\n",
       "           NVDA      CSCO      ADBE      QCOM      ORCL       IBM      INTC  \\\n",
       "AAPL   0.938844  0.899624  0.871681  0.949954  0.368519  0.907056  0.838706   \n",
       "MSFT   0.427393  0.371335  0.578516  0.439456  0.473595  0.328528  0.563617   \n",
       "AMZN   0.869822  0.930622  0.948434  0.963636  0.113684  0.881722  0.959050   \n",
       "TSLA   0.871778  0.939684  0.944968  0.965883  0.303614  0.915091  0.929440   \n",
       "GOOGL  0.925805  0.810305  0.834836  0.844340  0.138656  0.746752  0.906715   \n",
       "GOOG   0.895103  0.969463  0.953174  0.992842  0.277114  0.946279  0.919758   \n",
       "META   0.895620  0.967480  0.956732  0.992342  0.275410  0.942588  0.923978   \n",
       "NVDA   1.000000  0.889508  0.832098  0.912755  0.263213  0.866818  0.878631   \n",
       "CSCO   0.889508  1.000000  0.884618  0.967784  0.190554  0.973544  0.895114   \n",
       "ADBE   0.832098  0.884618  1.000000  0.937186  0.314328  0.826377  0.930239   \n",
       "QCOM   0.912755  0.967784  0.937186  1.000000  0.274240  0.954775  0.908337   \n",
       "ORCL   0.263213  0.190554  0.314328  0.274240  1.000000  0.247057  0.090993   \n",
       "IBM    0.866818  0.973544  0.826377  0.954775  0.247057  1.000000  0.811653   \n",
       "INTC   0.878631  0.895114  0.930239  0.908337  0.090993  0.811653  1.000000   \n",
       "NFLX   0.669533  0.600024  0.803937  0.704850  0.511109  0.580631  0.732146   \n",
       "PYPL   0.889535  0.983011  0.866288  0.970171  0.271794  0.990591  0.850670   \n",
       "SONY   0.907071  0.985153  0.876610  0.962014  0.156571  0.963144  0.891808   \n",
       "ABNB   0.741069  0.894909  0.895347  0.909436  0.297395  0.886512  0.844275   \n",
       "SQ     0.393659  0.339651  0.249744  0.322981  0.519857  0.400580  0.276493   \n",
       "\n",
       "           NFLX      PYPL      SONY      ABNB        SQ  \n",
       "AAPL   0.698793  0.926152  0.908874  0.796903  0.384904  \n",
       "MSFT   0.841101  0.390617  0.337577  0.578561  0.609861  \n",
       "AMZN   0.708107  0.907974  0.923240  0.899481  0.233151  \n",
       "TSLA   0.797976  0.943869  0.920844  0.957302  0.446160  \n",
       "GOOGL  0.672315  0.780499  0.836692  0.670966  0.260821  \n",
       "GOOG   0.724755  0.965416  0.959330  0.930733  0.329611  \n",
       "META   0.732231  0.962689  0.958686  0.930598  0.326487  \n",
       "NVDA   0.669533  0.889535  0.907071  0.741069  0.393659  \n",
       "CSCO   0.600024  0.983011  0.985153  0.894909  0.339651  \n",
       "ADBE   0.803937  0.866288  0.876610  0.895347  0.249744  \n",
       "QCOM   0.704850  0.970171  0.962014  0.909436  0.322981  \n",
       "ORCL   0.511109  0.271794  0.156571  0.297395  0.519857  \n",
       "IBM    0.580631  0.990591  0.963144  0.886512  0.400580  \n",
       "INTC   0.732146  0.850670  0.891808  0.844275  0.276493  \n",
       "NFLX   1.000000  0.636354  0.595924  0.762911  0.517750  \n",
       "PYPL   0.636354  1.000000  0.969027  0.908173  0.410427  \n",
       "SONY   0.595924  0.969027  1.000000  0.867964  0.282072  \n",
       "ABNB   0.762911  0.908173  0.867964  1.000000  0.431821  \n",
       "SQ     0.517750  0.410427  0.282072  0.431821  1.000000  "
      ]
     },
     "execution_count": 7,
     "metadata": {},
     "output_type": "execute_result"
    }
   ],
   "source": [
    "close_prices = pd.DataFrame(columns=tickers)\n",
    "for i in range(len(tickers)):\n",
    "    close_prices[tickers[i]] = data[i]['Close']\n",
    "    \n",
    "corrMatrix = close_prices.corr()\n",
    "corrMatrix"
   ]
  },
  {
   "cell_type": "markdown",
   "id": "92de9e9c",
   "metadata": {},
   "source": [
    "## Heat Map"
   ]
  },
  {
   "cell_type": "code",
   "execution_count": 6,
   "id": "6d409144",
   "metadata": {},
   "outputs": [
    {
     "data": {
