{
 "cells": [
  {
   "cell_type": "code",
   "execution_count": 2,
   "id": "00a13516",
   "metadata": {},
   "outputs": [],
   "source": [
    "import yfinance as yf\n",
    "import seaborn as sn\n",
    "import pandas as pd\n",
    "import numpy as np\n",
    "import os\n",
    "import glob\n",
    "import matplotlib.pyplot as plt"
   ]
  },
  {
   "cell_type": "markdown",
   "id": "507fe79f",
   "metadata": {},
   "source": []
  },
  {
   "cell_type": "markdown",
   "id": "083b5f47",
   "metadata": {},
   "source": [
    "## Getting Data"
   ]
  },
  {
   "cell_type": "code",
   "execution_count": 5,
   "id": "8a637539",
   "metadata": {},
   "outputs": [],
   "source": [
    "tickers = ['AAPL', 'MSFT', 'AMZN', 'TSLA', 'GOOGL', 'GOOG', 'META', 'NVDA', 'CSCO', 'ADBE', 'QCOM', 'ORCL', 'IBM', 'INTC', 'NFLX', 'PYPL', 'SONY', 'SQ']\n",
    "\n",
    "def get_price_history(ticker, save=True, START_DATE = '2022-9-12', END_DATE = '2022-11-10', RAW_INTERVAL = \"5m\"):\n",
    "\n",
    "    tickerData = yf.Ticker(ticker)\n",
    "    df = tickerData.history(interval=RAW_INTERVAL,  start=START_DATE, end=END_DATE)\n",
    "    \n",
    "    if save:\n",
    "        df.to_csv(\"data/yahoo/{}_5m.csv\".format(ticker), index=False)\n",
    "\n",
    "# for ticker in tickers:\n",
    "#     get_price_history(ticker)"
   ]
  },
  {
   "cell_type": "code",
   "execution_count": 6,
   "id": "cd3222f6",
   "metadata": {},
   "outputs": [
    {
     "name": "stdout",
     "output_type": "stream",
     "text": [
      "data/yahoo\\AAPL_5m.csv 3355\n",
      "data/yahoo\\ADBE_5m.csv 3355\n",
      "data/yahoo\\AMZN_5m.csv 3355\n",
      "data/yahoo\\CSCO_5m.csv 3355\n",
      "data/yahoo\\GOOGL_5m.csv 3355\n",
      "data/yahoo\\GOOG_5m.csv 3355\n",
      "data/yahoo\\IBM_5m.csv 3355\n",
      "data/yahoo\\INTC_5m.csv 3355\n",
      "data/yahoo\\META_5m.csv 3355\n",
      "data/yahoo\\MSFT_5m.csv 3355\n",
      "data/yahoo\\NFLX_5m.csv 3251\n",
      "data/yahoo\\NVDA_5m.csv 3355\n",
      "data/yahoo\\ORCL_5m.csv 3355\n",
      "data/yahoo\\PYPL_5m.csv 3355\n",
      "data/yahoo\\QCOM_5m.csv 3355\n",
      "data/yahoo\\SONY_5m.csv 3355\n",
      "data/yahoo\\SQ_5m.csv 3355\n",
      "data/yahoo\\TSLA_5m.csv 3355\n"
     ]
    }
   ],
   "source": [
    "data = []\n",
    "\n",
    "for csv_file in glob.glob(\"data/yahoo/*_5m.csv\"):\n",
    "    df = pd.read_csv(csv_file)\n",
    "    data.append(df)\n",
    "    print(csv_file, df.shape[0])"
   ]
  },
  {
   "cell_type": "markdown",
   "id": "3f5eb83a",
   "metadata": {},
   "source": [
    "## Correlation Matrix"
   ]
  },
  {
   "cell_type": "code",
   "execution_count": 7,
   "id": "e4c3a5ab",
   "metadata": {},
   "outputs": [
    {
     "data": {
      "text/html": [
       "<div>\n",
       "<style scoped>\n",
       "    .dataframe tbody tr th:only-of-type {\n",
       "        vertical-align: middle;\n",
       "    }\n",
       "\n",
       "    .dataframe tbody tr th {\n",
       "        vertical-align: top;\n",
       "    }\n",
       "\n",
       "    .dataframe thead th {\n",
       "        text-align: right;\n",
       "    }\n",
       "</style>\n",
       "<table border=\"1\" class=\"dataframe\">\n",
       "  <thead>\n",
       "    <tr style=\"text-align: right;\">\n",
       "      <th></th>\n",
       "      <th>AAPL</th>\n",
       "      <th>MSFT</th>\n",
       "      <th>AMZN</th>\n",
       "      <th>TSLA</th>\n",
       "      <th>GOOGL</th>\n",
       "      <th>GOOG</th>\n",
       "      <th>META</th>\n",
       "      <th>NVDA</th>\n",
       "      <th>CSCO</th>\n",
       "      <th>ADBE</th>\n",
       "      <th>QCOM</th>\n",
       "      <th>ORCL</th>\n",
       "      <th>IBM</th>\n",
       "      <th>INTC</th>\n",
       "      <th>NFLX</th>\n",
       "      <th>PYPL</th>\n",
       "      <th>SONY</th>\n",
       "      <th>SQ</th>\n",
       "    </tr>\n",
       "  </thead>\n",
       "  <tbody>\n",
       "    <tr>\n",
       "      <th>AAPL</th>\n",
       "      <td>1.000000</td>\n",
       "      <td>0.588327</td>\n",
       "      <td>0.581033</td>\n",
       "      <td>0.414879</td>\n",
       "      <td>0.593612</td>\n",
       "      <td>0.577808</td>\n",
       "      <td>0.159207</td>\n",
       "      <td>0.713973</td>\n",
       "      <td>0.452978</td>\n",
       "      <td>0.696219</td>\n",
       "      <td>0.083824</td>\n",
       "      <td>0.331886</td>\n",
       "      <td>0.278120</td>\n",
       "      <td>0.678772</td>\n",
       "      <td>0.820216</td>\n",
       "      <td>0.229948</td>\n",
       "      <td>0.572705</td>\n",
       "      <td>0.715135</td>\n",
       "    </tr>\n",
       "    <tr>\n",
       "      <th>MSFT</th>\n",
       "      <td>0.588327</td>\n",
       "      <td>1.000000</td>\n",
       "      <td>0.320385</td>\n",
       "      <td>0.688099</td>\n",
       "      <td>0.383236</td>\n",
       "      <td>0.371794</td>\n",
       "      <td>0.408532</td>\n",
       "      <td>0.649326</td>\n",
       "      <td>0.183072</td>\n",
       "      <td>0.543968</td>\n",
       "      <td>0.195716</td>\n",
       "      <td>0.460162</td>\n",
       "      <td>0.648546</td>\n",
       "      <td>0.442666</td>\n",
       "      <td>0.474260</td>\n",
       "      <td>0.401016</td>\n",
       "      <td>0.719903</td>\n",
       "      <td>0.190622</td>\n",
       "    </tr>\n",
       "    <tr>\n",
       "      <th>AMZN</th>\n",
       "      <td>0.581033</td>\n",
       "      <td>0.320385</td>\n",
       "      <td>1.000000</td>\n",
       "      <td>-0.237974</td>\n",
       "      <td>0.959182</td>\n",
       "      <td>0.959998</td>\n",
       "      <td>-0.549181</td>\n",
       "      <td>0.171611</td>\n",
       "      <td>0.932534</td>\n",
       "      <td>0.851959</td>\n",
       "      <td>-0.348774</td>\n",
       "      <td>-0.296870</td>\n",
       "      <td>-0.364919</td>\n",
       "      <td>0.856208</td>\n",
       "      <td>0.732534</td>\n",
       "      <td>-0.278727</td>\n",
       "      <td>0.377237</td>\n",
       "      <td>0.678750</td>\n",
       "    </tr>\n",
       "    <tr>\n",
       "      <th>TSLA</th>\n",
       "      <td>0.414879</td>\n",
       "      <td>0.688099</td>\n",
       "      <td>-0.237974</td>\n",
       "      <td>1.000000</td>\n",
       "      <td>-0.193517</td>\n",
       "      <td>-0.212613</td>\n",
       "      <td>0.905963</td>\n",
       "      <td>0.735371</td>\n",
       "      <td>-0.387009</td>\n",
       "      <td>0.101327</td>\n",
       "      <td>0.603359</td>\n",
       "      <td>0.858491</td>\n",
       "      <td>0.955935</td>\n",
       "      <td>0.029748</td>\n",
       "      <td>0.192636</td>\n",
       "      <td>0.702476</td>\n",
       "      <td>0.614449</td>\n",
       "      <td>-0.049105</td>\n",
       "    </tr>\n",
       "    <tr>\n",
       "      <th>GOOGL</th>\n",
       "      <td>0.593612</td>\n",
       "      <td>0.383236</td>\n",
       "      <td>0.959182</td>\n",
       "      <td>-0.193517</td>\n",
       "      <td>1.000000</td>\n",
       "      <td>0.999346</td>\n",
       "      <td>-0.507738</td>\n",
       "      <td>0.205221</td>\n",
       "      <td>0.916790</td>\n",
       "      <td>0.899781</td>\n",
       "      <td>-0.315315</td>\n",
       "      <td>-0.275605</td>\n",
       "      <td>-0.307247</td>\n",
       "      <td>0.812155</td>\n",
       "      <td>0.717830</td>\n",
       "      <td>-0.248832</td>\n",
       "      <td>0.386915</td>\n",
       "      <td>0.593942</td>\n",
       "    </tr>\n",
       "    <tr>\n",
       "      <th>GOOG</th>\n",
       "      <td>0.577808</td>\n",
       "      <td>0.371794</td>\n",
       "      <td>0.959998</td>\n",
       "      <td>-0.212613</td>\n",
       "      <td>0.999346</td>\n",
       "      <td>1.000000</td>\n",
       "      <td>-0.528759</td>\n",
       "      <td>0.193449</td>\n",
       "      <td>0.922198</td>\n",
       "      <td>0.893105</td>\n",
       "      <td>-0.342014</td>\n",
       "      <td>-0.289663</td>\n",
       "      <td>-0.325609</td>\n",
       "      <td>0.813808</td>\n",
       "      <td>0.713042</td>\n",
       "      <td>-0.253442</td>\n",
       "      <td>0.384565</td>\n",
       "      <td>0.595421</td>\n",
       "    </tr>\n",
       "    <tr>\n",
       "      <th>META</th>\n",
       "      <td>0.159207</td>\n",
       "      <td>0.408532</td>\n",
       "      <td>-0.549181</td>\n",
       "      <td>0.905963</td>\n",
       "      <td>-0.507738</td>\n",
       "      <td>-0.528759</td>\n",
       "      <td>1.000000</td>\n",
       "      <td>0.529098</td>\n",
       "      <td>-0.664508</td>\n",
       "      <td>-0.210905</td>\n",
       "      <td>0.731213</td>\n",
       "      <td>0.824323</td>\n",
       "      <td>0.928150</td>\n",
       "      <td>-0.293880</td>\n",
       "      <td>-0.096050</td>\n",
       "      <td>0.637520</td>\n",
       "      <td>0.312840</td>\n",
       "      <td>-0.305204</td>\n",
       "    </tr>\n",
       "    <tr>\n",
       "      <th>NVDA</th>\n",
       "      <td>0.713973</td>\n",
       "      <td>0.649326</td>\n",
       "      <td>0.171611</td>\n",
       "      <td>0.735371</td>\n",
       "      <td>0.205221</td>\n",
       "      <td>0.193449</td>\n",
       "      <td>0.529098</td>\n",
       "      <td>1.000000</td>\n",
       "      <td>0.133928</td>\n",
       "      <td>0.496005</td>\n",
       "      <td>0.056633</td>\n",
       "      <td>0.789129</td>\n",
       "      <td>0.620279</td>\n",
       "      <td>0.445197</td>\n",
       "      <td>0.641926</td>\n",
       "      <td>0.787191</td>\n",
       "      <td>0.820280</td>\n",
       "      <td>0.534767</td>\n",
       "    </tr>\n",
       "    <tr>\n",
       "      <th>CSCO</th>\n",
       "      <td>0.452978</td>\n",
       "      <td>0.183072</td>\n",
       "      <td>0.932534</td>\n",
       "      <td>-0.387009</td>\n",
       "      <td>0.916790</td>\n",
       "      <td>0.922198</td>\n",
       "      <td>-0.664508</td>\n",
       "      <td>0.133928</td>\n",
       "      <td>1.000000</td>\n",
       "      <td>0.812603</td>\n",
       "      <td>-0.542155</td>\n",
       "      <td>-0.348428</td>\n",
       "      <td>-0.507328</td>\n",
       "      <td>0.782580</td>\n",
       "      <td>0.672203</td>\n",
       "      <td>-0.215961</td>\n",
       "      <td>0.301032</td>\n",
       "      <td>0.697467</td>\n",
       "    </tr>\n",
       "    <tr>\n",
       "      <th>ADBE</th>\n",
       "      <td>0.696219</td>\n",
       "      <td>0.543968</td>\n",
       "      <td>0.851959</td>\n",
       "      <td>0.101327</td>\n",
       "      <td>0.899781</td>\n",
       "      <td>0.893105</td>\n",
       "      <td>-0.210905</td>\n",
       "      <td>0.496005</td>\n",
       "      <td>0.812603</td>\n",
       "      <td>1.000000</td>\n",
       "      <td>-0.202931</td>\n",
       "      <td>0.096832</td>\n",
       "      <td>-0.051310</td>\n",
       "      <td>0.843261</td>\n",
       "      <td>0.832849</td>\n",
       "      <td>0.057417</td>\n",
       "      <td>0.601015</td>\n",
       "      <td>0.624298</td>\n",
       "    </tr>\n",
       "    <tr>\n",
       "      <th>QCOM</th>\n",
       "      <td>0.083824</td>\n",
       "      <td>0.195716</td>\n",
       "      <td>-0.348774</td>\n",
       "      <td>0.603359</td>\n",
       "      <td>-0.315315</td>\n",
       "      <td>-0.342014</td>\n",
       "      <td>0.731213</td>\n",
       "      <td>0.056633</td>\n",
       "      <td>-0.542155</td>\n",
       "      <td>-0.202931</td>\n",
       "      <td>1.000000</td>\n",
       "      <td>0.352152</td>\n",
       "      <td>0.632924</td>\n",
       "      <td>-0.303910</td>\n",
       "      <td>-0.234019</td>\n",
       "      <td>-0.000177</td>\n",
       "      <td>-0.073776</td>\n",
       "      <td>-0.475097</td>\n",
       "    </tr>\n",
       "    <tr>\n",
       "      <th>ORCL</th>\n",
       "      <td>0.331886</td>\n",
       "      <td>0.460162</td>\n",
       "      <td>-0.296870</td>\n",
       "      <td>0.858491</td>\n",
       "      <td>-0.275605</td>\n",
       "      <td>-0.289663</td>\n",
       "      <td>0.824323</td>\n",
       "      <td>0.789129</td>\n",
       "      <td>-0.348428</td>\n",
       "      <td>0.096832</td>\n",
       "      <td>0.352152</td>\n",
       "      <td>1.000000</td>\n",
       "      <td>0.777490</td>\n",
       "      <td>0.068569</td>\n",
       "      <td>0.276382</td>\n",
       "      <td>0.858307</td>\n",
       "      <td>0.640599</td>\n",
       "      <td>0.080207</td>\n",
       "    </tr>\n",
       "    <tr>\n",
       "      <th>IBM</th>\n",
       "      <td>0.278120</td>\n",
       "      <td>0.648546</td>\n",
       "      <td>-0.364919</td>\n",
       "      <td>0.955935</td>\n",
       "      <td>-0.307247</td>\n",
       "      <td>-0.325609</td>\n",
       "      <td>0.928150</td>\n",
       "      <td>0.620279</td>\n",
       "      <td>-0.507328</td>\n",
       "      <td>-0.051310</td>\n",
       "      <td>0.632924</td>\n",
       "      <td>0.777490</td>\n",
       "      <td>1.000000</td>\n",
       "      <td>-0.147089</td>\n",
       "      <td>0.012840</td>\n",
       "      <td>0.653626</td>\n",
       "      <td>0.487346</td>\n",
       "      <td>-0.223747</td>\n",
       "    </tr>\n",
       "    <tr>\n",
       "      <th>INTC</th>\n",
       "      <td>0.678772</td>\n",
       "      <td>0.442666</td>\n",
       "      <td>0.856208</td>\n",
       "      <td>0.029748</td>\n",
       "      <td>0.812155</td>\n",
       "      <td>0.813808</td>\n",
       "      <td>-0.293880</td>\n",
       "      <td>0.445197</td>\n",
       "      <td>0.782580</td>\n",
       "      <td>0.843261</td>\n",
       "      <td>-0.303910</td>\n",
       "      <td>0.068569</td>\n",
       "      <td>-0.147089</td>\n",
       "      <td>1.000000</td>\n",
       "      <td>0.902477</td>\n",
       "      <td>0.056544</td>\n",
       "      <td>0.643002</td>\n",
       "      <td>0.755955</td>\n",
       "    </tr>\n",
       "    <tr>\n",
       "      <th>NFLX</th>\n",
       "      <td>0.820216</td>\n",
       "      <td>0.474260</td>\n",
       "      <td>0.732534</td>\n",
       "      <td>0.192636</td>\n",
       "      <td>0.717830</td>\n",
       "      <td>0.713042</td>\n",
       "      <td>-0.096050</td>\n",
       "      <td>0.641926</td>\n",
       "      <td>0.672203</td>\n",
       "      <td>0.832849</td>\n",
       "      <td>-0.234019</td>\n",
       "      <td>0.276382</td>\n",
       "      <td>0.012840</td>\n",
       "      <td>0.902477</td>\n",
       "      <td>1.000000</td>\n",
       "      <td>0.253598</td>\n",
       "      <td>0.671545</td>\n",
       "      <td>0.786592</td>\n",
       "    </tr>\n",
       "    <tr>\n",
       "      <th>PYPL</th>\n",
       "      <td>0.229948</td>\n",
       "      <td>0.401016</td>\n",
       "      <td>-0.278727</td>\n",
       "      <td>0.702476</td>\n",
       "      <td>-0.248832</td>\n",
       "      <td>-0.253442</td>\n",
       "      <td>0.637520</td>\n",
       "      <td>0.787191</td>\n",
       "      <td>-0.215961</td>\n",
       "      <td>0.057417</td>\n",
       "      <td>-0.000177</td>\n",
       "      <td>0.858307</td>\n",
       "      <td>0.653626</td>\n",
       "      <td>0.056544</td>\n",
       "      <td>0.253598</td>\n",
       "      <td>1.000000</td>\n",
       "      <td>0.661234</td>\n",
       "      <td>0.189355</td>\n",
       "    </tr>\n",
       "    <tr>\n",
       "      <th>SONY</th>\n",
       "      <td>0.572705</td>\n",
       "      <td>0.719903</td>\n",
       "      <td>0.377237</td>\n",
       "      <td>0.614449</td>\n",
       "      <td>0.386915</td>\n",
       "      <td>0.384565</td>\n",
       "      <td>0.312840</td>\n",
       "      <td>0.820280</td>\n",
       "      <td>0.301032</td>\n",
       "      <td>0.601015</td>\n",
       "      <td>-0.073776</td>\n",
       "      <td>0.640599</td>\n",
       "      <td>0.487346</td>\n",
       "      <td>0.643002</td>\n",
       "      <td>0.671545</td>\n",
       "      <td>0.661234</td>\n",
       "      <td>1.000000</td>\n",
       "      <td>0.487891</td>\n",
       "    </tr>\n",
       "    <tr>\n",
       "      <th>SQ</th>\n",
       "      <td>0.715135</td>\n",
       "      <td>0.190622</td>\n",
       "      <td>0.678750</td>\n",
       "      <td>-0.049105</td>\n",
       "      <td>0.593942</td>\n",
       "      <td>0.595421</td>\n",
       "      <td>-0.305204</td>\n",
       "      <td>0.534767</td>\n",
       "      <td>0.697467</td>\n",
       "      <td>0.624298</td>\n",
       "      <td>-0.475097</td>\n",
       "      <td>0.080207</td>\n",
       "      <td>-0.223747</td>\n",
       "      <td>0.755955</td>\n",
       "      <td>0.786592</td>\n",
       "      <td>0.189355</td>\n",
       "      <td>0.487891</td>\n",
       "      <td>1.000000</td>\n",
       "    </tr>\n",
       "  </tbody>\n",
       "</table>\n",
       "</div>"
      ],
      "text/plain": [
       "           AAPL      MSFT      AMZN      TSLA     GOOGL      GOOG      META  \\\n",
       "AAPL   1.000000  0.588327  0.581033  0.414879  0.593612  0.577808  0.159207   \n",
       "MSFT   0.588327  1.000000  0.320385  0.688099  0.383236  0.371794  0.408532   \n",
       "AMZN   0.581033  0.320385  1.000000 -0.237974  0.959182  0.959998 -0.549181   \n",
       "TSLA   0.414879  0.688099 -0.237974  1.000000 -0.193517 -0.212613  0.905963   \n",
       "GOOGL  0.593612  0.383236  0.959182 -0.193517  1.000000  0.999346 -0.507738   \n",
       "GOOG   0.577808  0.371794  0.959998 -0.212613  0.999346  1.000000 -0.528759   \n",
       "META   0.159207  0.408532 -0.549181  0.905963 -0.507738 -0.528759  1.000000   \n",
       "NVDA   0.713973  0.649326  0.171611  0.735371  0.205221  0.193449  0.529098   \n",
       "CSCO   0.452978  0.183072  0.932534 -0.387009  0.916790  0.922198 -0.664508   \n",
       "ADBE   0.696219  0.543968  0.851959  0.101327  0.899781  0.893105 -0.210905   \n",
       "QCOM   0.083824  0.195716 -0.348774  0.603359 -0.315315 -0.342014  0.731213   \n",
       "ORCL   0.331886  0.460162 -0.296870  0.858491 -0.275605 -0.289663  0.824323   \n",
       "IBM    0.278120  0.648546 -0.364919  0.955935 -0.307247 -0.325609  0.928150   \n",
       "INTC   0.678772  0.442666  0.856208  0.029748  0.812155  0.813808 -0.293880   \n",
       "NFLX   0.820216  0.474260  0.732534  0.192636  0.717830  0.713042 -0.096050   \n",
       "PYPL   0.229948  0.401016 -0.278727  0.702476 -0.248832 -0.253442  0.637520   \n",
       "SONY   0.572705  0.719903  0.377237  0.614449  0.386915  0.384565  0.312840   \n",
       "SQ     0.715135  0.190622  0.678750 -0.049105  0.593942  0.595421 -0.305204   \n",
       "\n",
       "           NVDA      CSCO      ADBE      QCOM      ORCL       IBM      INTC  \\\n",
       "AAPL   0.713973  0.452978  0.696219  0.083824  0.331886  0.278120  0.678772   \n",
       "MSFT   0.649326  0.183072  0.543968  0.195716  0.460162  0.648546  0.442666   \n",
       "AMZN   0.171611  0.932534  0.851959 -0.348774 -0.296870 -0.364919  0.856208   \n",
       "TSLA   0.735371 -0.387009  0.101327  0.603359  0.858491  0.955935  0.029748   \n",
       "GOOGL  0.205221  0.916790  0.899781 -0.315315 -0.275605 -0.307247  0.812155   \n",
       "GOOG   0.193449  0.922198  0.893105 -0.342014 -0.289663 -0.325609  0.813808   \n",
       "META   0.529098 -0.664508 -0.210905  0.731213  0.824323  0.928150 -0.293880   \n",
       "NVDA   1.000000  0.133928  0.496005  0.056633  0.789129  0.620279  0.445197   \n",
       "CSCO   0.133928  1.000000  0.812603 -0.542155 -0.348428 -0.507328  0.782580   \n",
       "ADBE   0.496005  0.812603  1.000000 -0.202931  0.096832 -0.051310  0.843261   \n",
       "QCOM   0.056633 -0.542155 -0.202931  1.000000  0.352152  0.632924 -0.303910   \n",
       "ORCL   0.789129 -0.348428  0.096832  0.352152  1.000000  0.777490  0.068569   \n",
       "IBM    0.620279 -0.507328 -0.051310  0.632924  0.777490  1.000000 -0.147089   \n",
       "INTC   0.445197  0.782580  0.843261 -0.303910  0.068569 -0.147089  1.000000   \n",
       "NFLX   0.641926  0.672203  0.832849 -0.234019  0.276382  0.012840  0.902477   \n",
       "PYPL   0.787191 -0.215961  0.057417 -0.000177  0.858307  0.653626  0.056544   \n",
       "SONY   0.820280  0.301032  0.601015 -0.073776  0.640599  0.487346  0.643002   \n",
       "SQ     0.534767  0.697467  0.624298 -0.475097  0.080207 -0.223747  0.755955   \n",
       "\n",
       "           NFLX      PYPL      SONY        SQ  \n",
       "AAPL   0.820216  0.229948  0.572705  0.715135  \n",
       "MSFT   0.474260  0.401016  0.719903  0.190622  \n",
       "AMZN   0.732534 -0.278727  0.377237  0.678750  \n",
       "TSLA   0.192636  0.702476  0.614449 -0.049105  \n",
       "GOOGL  0.717830 -0.248832  0.386915  0.593942  \n",
       "GOOG   0.713042 -0.253442  0.384565  0.595421  \n",
       "META  -0.096050  0.637520  0.312840 -0.305204  \n",
       "NVDA   0.641926  0.787191  0.820280  0.534767  \n",
       "CSCO   0.672203 -0.215961  0.301032  0.697467  \n",
       "ADBE   0.832849  0.057417  0.601015  0.624298  \n",
       "QCOM  -0.234019 -0.000177 -0.073776 -0.475097  \n",
       "ORCL   0.276382  0.858307  0.640599  0.080207  \n",
       "IBM    0.012840  0.653626  0.487346 -0.223747  \n",
       "INTC   0.902477  0.056544  0.643002  0.755955  \n",
       "NFLX   1.000000  0.253598  0.671545  0.786592  \n",
       "PYPL   0.253598  1.000000  0.661234  0.189355  \n",
       "SONY   0.671545  0.661234  1.000000  0.487891  \n",
       "SQ     0.786592  0.189355  0.487891  1.000000  "
      ]
     },
     "execution_count": 7,
     "metadata": {},
     "output_type": "execute_result"
    }
   ],
   "source": [
    "close_prices = pd.DataFrame(columns=tickers)\n",
    "for i in range(len(tickers)):\n",
    "    close_prices[tickers[i]] = data[i]['Close']\n",
    "    \n",
    "corrMatrix = close_prices.corr()\n",
    "corrMatrix"
   ]
  },
  {
   "cell_type": "markdown",
   "id": "92de9e9c",
   "metadata": {},
   "source": [
    "## Heat Map"
   ]
  },
  {
   "cell_type": "code",
   "execution_count": 8,
   "id": "6d409144",
   "metadata": {},
   "outputs": [
    {
     "data": {
